STATIONNO  YEAR  MONTH  DAY  HOUR  T      RH     PRES   TW_AK  TW_OBS
---------  ----  -----  ---  ----  -----  -----  -----  -----  ------
99999      2000  1      1    2     -7.0   72.0   889.2  -7.8   -7.8  
99999      2000  1      1    8     -5.9   63.0   893.6  -7.1   -7.1  
99999      2000  1      1    14    5.2    23.0   895.5  -0.5   -0.3  
99999      2000  1      1    20    2.2    23.0   896.1  -2.4   -2.5  
99999      2000  1      2    2     -7.5   59.0   894.6  -8.7   -8.7  
99999      2000  1      2    8     -10.1  67.0   891.1  -10.9        
99999      2000  1      2    14    0.5    32.0   886.9  -3.0   -3.4  
99999      2000  1      2    20    -3.5   49.0   887.1  -5.5   -5.6  
99999      2000  1      3    2     -6.3   63.0   885.8  -7.5   -7.5  
99999      2000  1      3    8     -2.3   41.0   884.2  -4.8   -5.0  
99999      2000  1      3    14    3.2    31.0   884.4  -1.3   -1.3  
99999      2000  1      3    20    0.8    44.0   885.9  -2.2   -2.4  
99999      2000  1      4    2     -1.9   52.0   887.6  -4.0   -4.3  
99999      2000  1      4    8     -5.1   63.0   888.6  -6.4   -6.4  
99999      2000  1      4    14    2.2    43.0   887.2  -1.3   -1.3  
99999      2000  1      4    20    -0.2   71.0   888.9  -1.6   -1.7  
99999      2000  1      5    2     -3.1   42.0   889.4  -5.4   -5.6  
99999      2000  1      5    8     -7.6   87.0   893.8  -8.0   -7.8  
99999      2000  1      5    14    -6.5   70.0   895.4  -7.4   -7.4  
99999      2000  1      5    20    -6.7   48.0   896.7  -8.3   -8.4  
99999      2000  1      6    2     -11.4  44.0   897.7  -12.6        
99999      2000  1      6    8     -17.0  71.0   898.4  -17.4        
99999      2000  1      6    14    -10.2  44.0   897.3  -11.5        
99999      2000  1      6    20    -12.5  50.0   897.4  -13.4        
99999      2000  1      7    2     -14.2  51.0   895.1  -15.0        
99999      2000  1      7    8     -17.1  67.0   892.4  -17.5        
99999      2000  1      7    14    -8.7   38.0   889.0  -10.3  -10.5 
99999      2000  1      7    20    -10.7  50.0   888.8  -11.8        
99999      2000  1      8    2     -14.4  73.0   889.1  -14.8        
99999      2000  1      8    8     -15.6  81.0   887.6  -15.9        
99999      2000  1      8    14    -3.9   44.0   886.3  -6.0   -6.2  
99999      2000  1      8    20    -5.8   61.0   887.7  -7.1   -7.1  
99999      2000  1      9    2     -11.7  80.0   889.6  -12.1        
99999      2000  1      9    8     -12.8  87.0   890.6  -13.0        
99999      2000  1      9    14    -0.6   47.0   889.2  -3.1   -3.3  
99999      2000  1      9    20    -4.5   58.0   888.9  -6.0   -6.1  
99999      2000  1      10   2     -7.6   70.0   887.8  -8.5   -8.4  
99999      2000  1      10   8     -8.5   83.0   887.4  -8.9   -8.8  
99999      2000  1      10   14    -0.1   54.0   886.5  -2.3   -2.6  
99999      2000  1      10   20    -2.7   100.0  889.7  -2.7   -2.6  
99999      2000  1      11   2     -5.1   88.0   890.6  -5.5   -5.4  
99999      2000  1      11   8     -6.0   84.0   892.5  -6.5   -6.4  
99999      2000  1      11   14    -2.6   69.0   893.5  -3.9   -3.9  
99999      2000  1      11   20    -4.6   79.0   894.5  -5.3   -5.3  
99999      2000  1      12   2     -11.4  90.0   894.2  -11.6        
99999      2000  1      12   8     -10.9  90.0   894.9  -11.1        
99999      2000  1      12   14    -3.3   46.0   892.8  -5.4   -5.6  
99999      2000  1      12   20    -5.8   64.0   893.2  -7.0   -7.0  
99999      2000  1      13   2     -10.6  82.0   890.6  -11.0        
99999      2000  1      13   8     -12.1  82.0   891.4  -12.5        
99999      2000  1      13   14    -2.9   62.0   890.3  -4.4   -4.5  
99999      2000  1      13   20    -6.0   74.0   890.5  -6.8   -6.8  
99999      2000  1      14   2     -10.3  83.0   890.2  -10.7        
99999      2000  1      14   8     -14.0  87.0   890.0  -14.2        
99999      2000  1      14   14    -4.3   60.0   889.4  -5.8   -5.8  
99999      2000  1      14   20    -4.1   68.0   892.4  -5.3   -5.3  
99999      2000  1      15   2     -6.3   65.0   892.9  -7.4   -7.4  
99999      2000  1      15   8     -10.4  74.0   894.9  -11.0        
99999      2000  1      15   14    -1.8   40.0   893.9  -4.4   -4.8  
99999      2000  1      15   20    -3.8   46.0   896.6  -5.8   -6.0  
99999      2000  1      16   2     -8.9   64.0   898.0  -9.8   -9.8  
99999      2000  1      16   8     -11.0  76.0   899.8  -11.5        
99999      2000  1      16   14    -2.9   47.0   898.5  -5.0   -5.2  
99999      2000  1      16   20    -6.1   65.0   899.6  -7.2   -7.2  
99999      2000  1      17   2     -10.3  78.0   898.6  -10.8        
99999      2000  1      17   8     -13.5  85.0   897.8  -13.8        
99999      2000  1      17   14    0.3    40.0   896.2  -2.7   -2.9  
99999      2000  1      17   20    -2.2   31.0   898.6  -5.2   -5.4  
99999      2000  1      18   2     -7.9   49.0   899.8  -9.3   -9.4  
99999      2000  1      18   8     -7.7   44.0   901.5  -9.3   -9.4  
99999      2000  1      18   14    -3.0   29.0   902.4  -5.9   -6.1  
99999      2000  1      18   20    -8.1   31.0   903.0  -10.0  -10.2 
99999      2000  1      19   2     -14.2  49.0   901.7  -15.0        
99999      2000  1      19   8     -18.3  82.0   899.3  -18.5        
99999      2000  1      19   14    -5.6   32.0   895.2  -7.9   -8.1  
99999      2000  1      19   20    -8.0   41.0   895.6  -9.6   -9.8  
99999      2000  1      20   2     -12.8  51.0   895.9  -13.7        
99999      2000  1      20   8     -15.6  72.0   896.1  -16.0        
99999      2000  1      20   14    -3.1   40.0   895.1  -5.5   -5.7  
99999      2000  1      20   20    -4.8   52.0   894.4  -6.5   -6.6  
99999      2000  1      21   2     -6.6   64.0   893.8  -7.7   -7.7  
99999      2000  1      21   8     -7.0   88.0   893.0  -7.4   -7.2  
99999      2000  1      21   14    -4.9   78.0   891.1  -5.7   -5.6  
99999      2000  1      21   20    -6.3   81.0   894.4  -6.9   -6.8  
99999      2000  1      22   2     -11.1  91.0   894.1  -11.3        
99999      2000  1      22   8     -10.5  92.0   894.2  -10.7        
99999      2000  1      22   14    -7.5   84.0   893.6  -8.0   -7.8  
99999      2000  1      22   20    -10.3  92.0   895.2  -10.5        
99999      2000  1      23   2     -10.8  93.0   897.1  -11.0        
99999      2000  1      23   8     -12.5  93.0   898.6  -12.6        
99999      2000  1      23   14    -10.5  93.0   900.6  -10.7        
99999      2000  1      23   20    -12.1  69.0   904.4  -12.7        
99999      2000  1      24   2     -15.2  70.0   906.3  -15.6        
99999      2000  1      24   8     -15.7  68.0   906.4  -16.1        
99999      2000  1      24   14    -10.6  51.0   904.8  -11.7        
99999      2000  1      24   20    -10.9  56.0   906.1  -11.8        
99999      2000  1      25   2     -14.6  63.0   907.8  -15.2        
99999      2000  1      25   8     -16.4  65.0   909.7  -16.9        
99999      2000  1      25   14    -10.4  47.0   910.2  -11.6        
99999      2000  1      25   20    -12.9  50.0   912.3  -13.8        
99999      2000  1      26   2     -17.8  67.0   912.4  -18.2        
99999      2000  1      26   8     -21.0  73.0   912.4  -21.2        
99999      2000  1      26   14    -10.6  39.0   909.6  -11.9        
99999      2000  1      26   20    -13.5  49.0   909.3  -14.4        
99999      2000  1      27   2     -18.2  65.0   907.9  -18.6        
99999      2000  1      27   8     -22.1  79.0   905.9  -22.3        
99999      2000  1      27   14    -10.2  37.0   902.7  -11.6        
99999      2000  1      27   20    -11.3  37.0   901.2  -12.6        
99999      2000  1      28   2     -14.1  57.0   900.7  -14.8        
99999      2000  1      28   8     -16.7  69.0   901.5  -17.1        
99999      2000  1      28   14    -5.4   33.0   900.8  -7.7   -7.9  
99999      2000  1      28   20    -8.6   47.0   903.5  -10.0  -10.1 
99999      2000  1      29   2     -14.8  71.0   906.1  -15.2        
99999      2000  1      29   8     -17.7  68.0   909.9  -18.1        
99999      2000  1      29   14    -7.3   32.0   909.5  -9.3   -9.5  
99999      2000  1      29   20    -10.2  37.0   910.4  -11.6        
99999      2000  1      30   2     -16.4  59.0   911.1  -16.9        
99999      2000  1      30   8     -18.9  67.0   912.8  -19.2        
99999      2000  1      30   14    -7.0   30.0   911.7  -9.1   -9.3  
99999      2000  1      30   20    -10.0  38.0   912.1  -11.4  -11.6 
99999      2000  1      31   2     -14.8  57.0   910.7  -15.4        
99999      2000  1      31   8     -18.1  69.0   907.6  -18.4        
99999      2000  1      31   14    -9.7   43.0   903.6  -11.1  -11.2 
99999      2000  1      31   20    -9.8   46.0   902.9  -11.1  -11.2 
99999      2000  7      1    2     20.7   50.0   883.8  14.6   14.5  
99999      2000  7      1    8     21.3   68.0   884.2  17.4   17.5  
99999      2000  7      1    14    30.1   43.0   881.4  21.2   20.9  
99999      2000  7      1    20    29.8   39.0   879.9  20.3   20.0  
99999      2000  7      2    2     23.6   57.0   882.0  18.0   18.0  
99999      2000  7      2    8     23.2   68.0   882.5  19.1   19.2  
99999      2000  7      2    14    30.0   36.0   881.3  20.0   19.5  
99999      2000  7      2    20    29.8   30.0   879.8  18.8   18.2  
99999      2000  7      3    2     22.5   60.0   882.3  17.4   17.4  
99999      2000  7      3    8     19.3   81.0   883.9  17.1   17.2  
99999      2000  7      3    14    24.8   61.0   883.4  19.6   19.6  
99999      2000  7      3    20    25.1   57.0   883.0  19.3   19.3  
99999      2000  7      4    2     20.3   68.0   884.5  16.5   16.6  
99999      2000  7      4    8     20.4   72.0   884.5  17.1   17.2  
99999      2000  7      4    14    26.0   51.0   884.1  19.2   19.0  
99999      2000  7      4    20    25.5   57.0   883.2  19.6   19.6  
99999      2000  7      5    2     21.6   74.0   885.1  18.4   18.5  
99999      2000  7      5    8     21.8   75.0   885.7  18.7   18.8  
99999      2000  7      5    14    28.5   48.0   884.4  20.8   20.5  
99999      2000  7      5    20    28.4   51.0   882.8  21.2   21.1  
99999      2000  7      6    2     24.4   57.0   884.6  18.7   18.6  
99999      2000  7      6    8     23.0   73.0   885.4  19.6   19.6  
99999      2000  7      6    14    30.2   45.0   883.5  21.7   21.4  
99999      2000  7      6    20    30.4   38.0   881.9  20.6   20.2  
99999      2000  7      7    2     25.3   50.0   884.0  18.4   18.3  
99999      2000  7      7    8     22.7   58.0   886.0  17.4   17.3  
99999      2000  7      7    14    24.2   62.0   886.2  19.2   19.2  
99999      2000  7      7    20    18.4   84.0   887.4  16.6   16.7  
99999      2000  7      8    2     16.7   95.0   886.8  16.2   16.2  
99999      2000  7      8    8     16.8   82.0   887.0  14.9   15.0  
99999      2000  7      8    14    27.8   42.0   885.4  19.3   19.0  
99999      2000  7      8    20    27.3   41.0   883.6  18.7   18.3  
99999      2000  7      9    2     19.8   66.0   883.9  15.8   15.8  
99999      2000  7      9    8     22.0   50.0   884.4  15.7   15.6  
99999      2000  7      9    14    32.6   25.0   883.7  20.0   18.9  
99999      2000  7      9    20    29.5   40.0   882.1  20.3   19.9  
99999      2000  7      10   2     20.8   56.0   883.5  15.5   15.4  
99999      2000  7      10   8     23.2   55.0   885.2  17.4   17.3  
99999      2000  7      10   14    33.1   22.0   883.5  19.8   18.6  
99999      2000  7      10   20    31.2   33.0   882.2  20.4   19.7  
99999      2000  7      11   2     22.2   57.0   883.8  16.8   16.7  
99999      2000  7      11   8     23.2   53.0   884.3  17.1   17.0  
99999      2000  7      11   14    33.2   26.0   883.0  20.6   19.7  
99999      2000  7      11   20    27.5   44.0   882.8  19.3   19.0  
99999      2000  7      12   2     21.2   64.0   883.9  16.8   16.9  
99999      2000  7      12   8     21.0   73.0   884.6  17.8   17.8  
99999      2000  7      12   14    28.9   44.0   882.4  20.5   20.1  
99999      2000  7      12   20    29.1   45.0   880.1  20.8   20.5  
99999      2000  7      13   2     21.9   68.0   881.2  17.9   18.0  
99999      2000  7      13   8     22.9   65.0   882.1  18.4   18.5  
99999      2000  7      13   14    30.6   37.0   880.7  20.6   20.1  
99999      2000  7      13   20    27.8   53.0   879.0  20.9   20.8  
99999      2000  7      14   2     22.6   74.0   879.7  19.3   19.4  
99999      2000  7      14   8     23.3   67.0   880.9  19.1   19.1  
99999      2000  7      14   14    31.2   35.0   879.3  20.7   20.1  
99999      2000  7      14   20    28.9   39.0   877.3  19.6   19.2  
99999      2000  7      15   2     23.0   62.0   878.2  18.1   18.2  
99999      2000  7      15   8     21.5   75.0   878.5  18.5   18.5  
99999      2000  7      15   14    30.0   45.0   878.0  21.5   21.3  
99999      2000  7      15   20    29.7   49.0   876.6  21.9   21.8  
99999      2000  7      16   2     24.5   63.0   878.5  19.6   19.6  
99999      2000  7      16   8     25.3   66.0   879.2  20.7   20.7  
99999      2000  7      16   14    30.8   48.0   877.8  22.6   22.4  
99999      2000  7      16   20    31.0   52.0   876.5  23.4   23.3  
99999      2000  7      17   2     24.1   77.0   878.1  21.1   21.2  
99999      2000  7      17   8     24.8   72.0   879.0  21.1   21.2  
99999      2000  7      17   14    32.8   44.0   877.3  23.5   23.3  
99999      2000  7      17   20    31.6   50.0   875.5  23.6   23.4  
99999      2000  7      18   2     25.6   63.0   877.3  20.5   20.5  
99999      2000  7      18   8     26.4   61.0   878.4  20.9   21.0  
99999      2000  7      18   14    31.5   49.0   877.0  23.3   23.2  
99999      2000  7      18   20    31.3   54.0   875.5  24.0   24.0  
99999      2000  7      19   2     27.4   56.0   877.7  21.1   21.0  
99999      2000  7      19   8     25.6   70.0   879.0  21.5   21.6  
99999      2000  7      19   14    34.2   41.0   878.6  24.1   23.7  
99999      2000  7      19   20    32.6   44.0   877.9  23.4   23.2  
99999      2000  7      20   2     27.9   57.0   879.6  21.6   21.6  
99999      2000  7      20   8     25.8   71.0   880.9  21.9   21.9  
99999      2000  7      20   14    36.0   36.0   880.7  24.5   23.9  
99999      2000  7      20   20    33.7   53.0   879.6  25.9   25.8  
99999      2000  7      21   2     26.8   58.0   880.9  20.9   20.8  
99999      2000  7      21   8     25.5   66.0   881.5  20.9   20.9  
99999      2000  7      21   14    33.4   42.0   881.4  23.7   23.4  
99999      2000  7      21   20    30.4   45.0   881.0  21.8   21.6  
99999      2000  7      22   2     23.9   70.0   883.3  20.0   20.0  
99999      2000  7      22   8     23.3   61.0   885.2  18.3   18.3  
99999      2000  7      22   14    28.7   40.0   883.5  19.7   19.2  
99999      2000  7      22   20    28.3   40.0   881.2  19.3   19.0  
99999      2000  7      23   2     23.6   43.0   882.1  16.1   15.9  
99999      2000  7      23   8     22.5   56.0   882.0  16.9   16.8  
99999      2000  7      23   14    30.8   33.0   880.4  20.1   19.5  
99999      2000  7      23   20    28.8   44.0   878.3  20.4   20.0  
99999      2000  7      24   2     23.9   59.0   879.4  18.5   18.5  
99999      2000  7      24   8     23.2   48.0   880.0  16.4   16.2  
99999      2000  7      24   14    31.8   43.0   877.4  22.6   22.3  
99999      2000  7      24   20    31.2   52.0   875.2  23.6   23.6  
99999      2000  7      25   2     25.7   48.0   877.3  18.5   18.3  
99999      2000  7      25   8     23.1   77.0   878.9  20.2   20.2  
99999      2000  7      25   14    26.4   75.0   879.5  23.0   23.1  
99999      2000  7      25   20    27.4   74.0   878.4  23.7   23.8  
99999      2000  7      26   2     24.0   90.0   878.8  22.7   22.8  
99999      2000  7      26   8     24.1   89.0   880.0  22.7   22.8  
99999      2000  7      26   14    32.1   63.0   878.5  26.2   26.3  
99999      2000  7      26   20    31.4   56.0   876.7  24.4   24.4  
99999      2000  7      27   2     24.2   93.0   880.6  23.3   23.3  
99999      2000  7      27   8     22.8   76.0   882.8  19.8   19.9  
99999      2000  7      27   14    23.2   63.0   884.4  18.5   18.4  
99999      2000  7      27   20    22.2   58.0   884.8  16.9   16.9  
99999      2000  7      28   2     19.5   88.0   884.7  18.1   18.2  
99999      2000  7      28   8     19.5   87.0   885.2  18.0   18.1  
99999      2000  7      28   14    23.4   46.0   887.2  16.3   16.1  
99999      2000  7      28   20    24.2   36.0   885.6  15.6   15.2  
99999      2000  7      29   2     17.7   64.0   886.3  13.7   13.8  
99999      2000  7      29   8     16.9   76.0   888.5  14.3   14.4  
99999      2000  7      29   14    25.7   26.0   888.1  15.2   14.4  
99999      2000  7      29   20    24.3   36.0   887.0  15.6   15.2  
99999      2000  7      30   2     17.1   64.0   888.1  13.2   13.2  
99999      2000  7      30   8     17.5   74.0   887.6  14.7   14.7  
99999      2000  7      30   14    28.2   23.0   885.2  16.5   15.6  
99999      2000  7      30   20    24.9   45.0   883.8  17.4   17.2  
99999      2000  7      31   2     17.3   69.0   883.9  13.9   14.0  
99999      2000  7      31   8     19.6   50.0   883.7  13.7   13.6  
99999      2000  7      31   14    30.6   19.0   881.0  17.5   16.1  
99999      2000  7      31   20    26.4   45.0   879.6  18.6   18.4  
